============================================
학번	국어	영어	수학	총점	평균
============================================
00001	 93	 92	 65
00002	 81	 80	 85
00003	 54	 66	 78
00004	 55	 53	 84
00005	 73	 71	 99
00006	 78	 93	 97
00007	 62	 70	 58
00008	 50	 62	 92
00009	 65	 67	 65
00010	 77	 98	 90
00011	 92	 77	 72
00012	100	 97	 73
00013	 71	 93	 50
00014	 95	 93	 63
00015	 51	 71	 51
00016	 92	 69	 74
00017	 74	 96	 52
00018	 61	100	 64
00019	 71	 91	 91
00020	 71	 75	 62
00021	 87	 67	 72
00022	 72	 80	 75
00023	 73	 62	 98
00024	 73	 65	 80
00025	 97	 68	 82
00026	 54	 65	 61
00027	 93	 74	 99
00028	 96	 99	 83
00029	 55	 56	 99
00030	 80	 84	 99
00031	 57	 79	 58
00032	 78	 60	 90
00033	 59	 95	 70
00034	 61	 63	 98
00035	 80	 93	 99
00036	 71	 65	 73
00037	 85	 77	 87
00038	 89	 80	 87
00039	 82	 96	 73
00040	 99	 54	 66
00041	 92	 88	 82
00042	 87	 81	 53
00043	 93	 55	 84
00044	 63	 91	 62
00045	 88	 78	 55
00046	 80	 56	 85
00047	 73	 93	 55
00048	 52	 50	 85
00049	 50	 60	 74
00050	 52	 71	 96
00051	 63	 84	 61
00052	 77	 59	 82
00053	 65	 57	 54
00054	 94	 55	 97
00055	 52	 55	 77
00056	 90	 74	 58
00057	 92	 50	 77
00058	 62	 93	 85
00059	 63	 63	 97
00060	 68	100	 54
00061	 97	 93	 87
00062	 71	 82	 58
00063	 74	 90	 86
00064	 82	 64	 96
00065	 64	 63	 78
00066	 69	 75	 64
00067	 87	 68	 61
00068	 75	 57	 99
00069	 95	 90	 58
00070	 58	 93	 98
00071	 57	 65	100
00072	 97	 58	 52
00073	 89	 92	 71
00074	 73	 77	 61
00075	 73	 91	 58
00076	 96	 54	 61
00077	 60	 93	 84
00078	 94	 98	 79
00079	 76	 67	 53
00080	 90	 95	 95
00081	 57	 64	 64
00082	 93	 71	 58
00083	 79	 89	 85
00084	 86	 62	 53
00085	 77	 97	 76
00086	 92	 81	 52
00087	 54	 86	 70
00088	 84	 65	 93
00089	 57	 55	 61
00090	 88	 97	 72
00091	 60	 62	 69
00092	 55	 54	 80
00093	 86	 68	 74
00094	 96	 71	 85
00095	 92	 90	 98
00096	 88	 89	 99
00097	 63	 55	 61
00098	 63	 73	 98
00099	 88	 88	 83
00100	 91	 55	 96
============================================
학번	국어	영어	수학	총점	평균
============================================
00001	 62	 70	 70	202	67.333336
00002	 96	 92	 91	279	93.000000
00003	 72	 85	 68	225	75.000000
00004	 95	 54	 93	242	80.666664
00005	 60	 80	 56	196	65.333336
00006	 97	 87	 93	277	92.333336
00007	 97	 71	 50	218	72.666664
00008	 71	 80	 66	217	72.333336
00009	 91	 58	 97	246	82.000000
00010	 96	 78	 84	258	86.000000
00011	 99	 53	 57	209	69.666664
00012	 74	 75	 95	244	81.333336
00013	 95	 77	 59	231	77.000000
00014	 57	 86	 89	232	77.333336
00015	 83	 90	 86	259	86.333336
00016	 53	 52	 92	197	65.666664
00017	 68	 97	 90	255	85.000000
00018	 56	 55	 87	198	66.000000
00019	 68	 84	 54	206	68.666664
00020	 68	 59	 81	208	69.333336
00021	100	 92	 69	261	87.000000
00022	 53	 51	 96	200	66.666664
00023	 52	 96	 52	200	66.666664
00024	 87	 90	 69	246	82.000000
00025	 69	 68	 56	193	64.333336
00026	 55	 96	 60	211	70.333336
00027	 57	 63	 84	204	68.000000
00028	 81	 51	 51	183	61.000000
00029	 77	 81	 57	215	71.666664
00030	 77	 55	 89	221	73.666664
00031	 92	 75	 64	231	77.000000
00032	 69	 68	 90	227	75.666664
00033	 83	 63	 90	236	78.666664
00034	 98	 50	 79	227	75.666664
00035	 68	 76	 81	225	75.000000
00036	 84	 90	 77	251	83.666664
00037	 52	 89	 61	202	67.333336
00038	 81	 67	 77	225	75.000000
00039	 66	 71	 72	209	69.666664
00040	 74	 97	 76	247	82.333336
00041	 71	 80	 94	245	81.666664
00042	 82	 53	 78	213	71.000000
00043	 56	 50	 50	156	52.000000
00044	 60	 51	100	211	70.333336
00045	 97	 95	 56	248	82.666664
00046	 94	 69	 90	253	84.333336
00047	 91	 99	 90	280	93.333336
00048	 90	 76	 88	254	84.666664
00049	 61	 88	 94	243	81.000000
00050	 66	 91	 55	212	70.666664
00051	 62	 92	 77	231	77.000000
00052	100	 84	 99	283	94.333336
00053	 92	 97	 67	256	85.333336
00054	 66	 82	 50	198	66.000000
00055	 86	 68	 76	230	76.666664
00056	 76	 83	 87	246	82.000000
00057	 98	 69	 76	243	81.000000
00058	 80	 74	 86	240	80.000000
00059	 61	 79	 72	212	70.666664
00060	 97	100	 77	274	91.333336
00061	 56	 95	 52	203	67.666664
00062	 92	 52	 99	243	81.000000
00063	100	 54	 99	253	84.333336
00064	 73	 70	 71	214	71.333336
00065	 65	 66	 88	219	73.000000
00066	 72	 66	 59	197	65.666664
00067	 66	 71	 99	236	78.666664
00068	 58	 58	 72	188	62.666668
00069	 91	100	 65	256	85.333336
00070	 98	 82	 89	269	89.666664
00071	 54	 96	 66	216	72.000000
00072	 55	 90	 83	228	76.000000
00073	 69	 88	 64	221	73.666664
00074	 68	 97	 79	244	81.333336
00075	 92	 79	 91	262	87.333336
00076	 67	 82	 72	221	73.666664
00077	 58	 68	 50	176	58.666668
00078	 81	 76	 98	255	85.000000
00079	 87	 51	 83	221	73.666664
00080	 93	 74	 88	255	85.000000
00081	 69	 87	 93	249	83.000000
00082	 94	 94	 75	263	87.666664
00083	 91	 57	 72	220	73.333336
00084	 59	 54	 61	174	58.000000
00085	 87	 80	 97	264	88.000000
00086	 72	 62	 51	185	61.666668
00087	 58	 84	 52	194	64.666664
00088	 77	 57	 94	228	76.000000
00089	 82	 82	 55	219	73.000000
00090	 68	 55	 69	192	64.000000
00091	 80	 66	100	246	82.000000
00092	 98	 89	 61	248	82.666664
00093	 63	 59	 99	221	73.666664
00094	 51	 90	 80	221	73.666664
00095	 98	 91	 85	274	91.333336
00096	 70	 85	 95	250	83.333336
00097	 58	 87	 80	225	75.000000
00098	 95	 52	 86	233	77.666664
00099	 99	 72	 99	270	90.000000
00100	 84	 71	 56	211	70.333336
============================================
학번	국어	영어	수학	총점	평균
============================================
00001	 94	100	 91	285	95.000000
00002	 93	 73	 76	242	80.666664
00003	 60	 80	 79	219	73.000000
00004	 78	 89	 87	254	84.666664
00005	 95	 87	 52	234	78.000000
00006	 52	 75	 82	209	69.666664
00007	 98	 78	 73	249	83.000000
00008	 95	 78	 93	266	88.666664
00009	 59	 55	 86	200	66.666664
00010	 89	 55	 72	216	72.000000
00011	 89	 95	 56	240	80.000000
00012	 87	 63	 58	208	69.333336
00013	 67	 82	 59	208	69.333336
00014	 67	 72	 74	213	71.000000
00015	 90	 66	 73	229	76.333336
00016	 64	 95	 86	245	81.666664
00017	 80	 95	 75	250	83.333336
00018	 65	 68	 94	227	75.666664
00019	 98	 78	 66	242	80.666664
00020	 70	 89	 87	246	82.000000
00021	 71	 83	 56	210	70.000000
00022	 94	 96	 74	264	88.000000
00023	 66	 56	 82	204	68.000000
00024	 83	 68	 83	234	78.000000
00025	 89	 88	 93	270	90.000000
00026	 69	 56	 93	218	72.666664
00027	 75	 50	 53	178	59.333332
00028	 75	 61	 98	234	78.000000
00029	 92	 80	 55	227	75.666664
00030	 98	 71	 65	234	78.000000
00031	 81	 84	 76	241	80.333336
00032	 59	 78	 90	227	75.666664
00033	 70	 87	 69	226	75.333336
00034	 77	 56	 75	208	69.333336
00035	 75	 78	 55	208	69.333336
00036	 52	 82	 50	184	61.333332
00037	 79	 73	 85	237	79.000000
00038	 54	 97	 89	240	80.000000
00039	 77	 66	 80	223	74.333336
00040	 55	 72	 84	211	70.333336
00041	 83	 68	 59	210	70.000000
00042	 57	 78	 99	234	78.000000
00043	 66	 57	 56	179	59.666668
00044	 58	 57	 69	184	61.333332
00045	 90	 99	 56	245	81.666664
00046	 60	 69	 91	220	73.333336
00047	 70	 60	 77	207	69.000000
00048	 87	 96	 56	239	79.666664
00049	 88	 69	 57	214	71.333336
00050	 66	 97	 80	243	81.000000
00051	 73	 50	 87	210	70.000000
00052	 51	 74	 60	185	61.666668
00053	 96	 61	 54	211	70.333336
00054	 83	 55	 56	194	64.666664
00055	 65	 96	 59	220	73.333336
00056	 83	 55	 65	203	67.666664
00057	 95	 97	 80	272	90.666664
00058	 68	 56	 73	197	65.666664
00059	 79	 97	 66	242	80.666664
00060	 66	 59	 84	209	69.666664
00061	 83	 63	 56	202	67.333336
00062	 98	 70	 58	226	75.333336
00063	 81	 81	 66	228	76.000000
00064	 75	100	 77	252	84.000000
00065	 58	 71	 73	202	67.333336
00066	 58	 63	 76	197	65.666664
00067	 77	 85	 79	241	80.333336
00068	 95	 80	 57	232	77.333336
00069	 72	 64	 90	226	75.333336
00070	 99	 85	 71	255	85.000000
00071	 50	 57	 79	186	62.000000
00072	 59	 59	 69	187	62.333332
00073	 65	 87	 60	212	70.666664
00074	 56	 99	100	255	85.000000
00075	 94	100	 80	274	91.333336
00076	 64	 68	 82	214	71.333336
00077	 70	 72	 89	231	77.000000
00078	 59	 66	 53	178	59.333332
00079	 85	 69	 67	221	73.666664
00080	 82	 64	 73	219	73.000000
00081	 68	 96	 93	257	85.666664
00082	 87	 60	 91	238	79.333336
00083	100	 79	100	279	93.000000
00084	 82	 50	 62	194	64.666664
00085	 98	 59	 91	248	82.666664
00086	 55	 50	 81	186	62.000000
00087	 62	 62	 82	206	68.666664
00088	 60	 94	 83	237	79.000000
00089	 82	 63	 67	212	70.666664
00090	 70	 82	 50	202	67.333336
00091	 75	 90	 91	256	85.333336
00092	 61	 98	 65	224	74.666664
00093	 77	 64	 70	211	70.333336
00094	 97	 62	100	259	86.333336
00095	 92	 99	 51	242	80.666664
00096	 86	100	 89	275	91.666664
00097	 73	 76	 84	233	77.666664
00098	 77	 62	 80	219	73.000000
00099	 55	 75	 86	216	72.000000
00100	 74	 85	 74	233	77.666664
============================================
학번	국어	영어	수학	총점	평균
============================================
00001	 56	 62	 92	210	70.000000
00002	 50	 69	 56	175	58.333332
00003	 63	 79	 93	235	78.333336
00004	 90	 88	 97	275	91.666664
00005	 76	 74	 58	208	69.333336
00006	 93	100	 84	277	92.333336
00007	 73	 94	 63	230	76.666664
00008	 74	 81	 69	224	74.666664
00009	 88	 59	 58	205	68.333336
00010	 65	 72	 85	222	74.000000
00011	 89	 87	 79	255	85.000000
00012	 72	 79	 98	249	83.000000
00013	 64	 69	 62	195	65.000000
00014	 75	 72	 90	237	79.000000
00015	 74	 79	 55	208	69.333336
00016	 95	 51	 51	197	65.666664
00017	 87	 60	 99	246	82.000000
00018	 69	 70	 77	216	72.000000
00019	 53	 69	 74	196	65.333336
00020	100	 55	 55	210	70.000000
00021	 56	 61	100	217	72.333336
00022	 90	 57	 66	213	71.000000
00023	 92	 68	 81	241	80.333336
00024	 66	 89	 56	211	70.333336
00025	 87	 60	 54	201	67.000000
00026	 51	 65	 87	203	67.666664
00027	 52	 68	 69	189	63.000000
00028	 76	 90	 78	244	81.333336
00029	 92	 95	 80	267	89.000000
00030	 50	 74	 94	218	72.666664
00031	 72	 71	 86	229	76.333336
00032	 64	 58	100	222	74.000000
00033	 50	 98	 82	230	76.666664
00034	 61	 61	 91	213	71.000000
00035	 66	 74	 90	230	76.666664
00036	 90	 72	 60	222	74.000000
00037	 70	100	 76	246	82.000000
00038	 74	 77	 57	208	69.333336
00039	 78	 51	 68	197	65.666664
00040	 85	 67	 71	223	74.333336
00041	 56	 88	 87	231	77.000000
00042	 62	 56	 57	175	58.333332
00043	 74	 98	 76	248	82.666664
00044	 68	 98	 79	245	81.666664
00045	 90	 65	 50	205	68.333336
00046	 85	 56	 84	225	75.000000
00047	 56	 59	 89	204	68.000000
00048	 87	 52	 77	216	72.000000
00049	 73	 87	 78	238	79.333336
00050	 77	 68	 85	230	76.666664
00051	 51	 99	 82	232	77.333336
00052	 52	 58	 66	176	58.666668
00053	 91	 60	 87	238	79.333336
00054	 67	 94	 98	259	86.333336
00055	 74	 81	 95	250	83.333336
00056	 93	 55	 53	201	67.000000
00057	 50	 88	 85	223	74.333336
00058	 70	 68	 56	194	64.666664
00059	 84	 63	100	247	82.333336
00060	 81	 71	 53	205	68.333336
00061	 93	 65	 84	242	80.666664
00062	 65	 73	 64	202	67.333336
00063	 94	 68	 70	232	77.333336
00064	100	 73	 56	229	76.333336
00065	100	 59	 82	241	80.333336
00066	100	 58	 64	222	74.000000
00067	 90	 74	 97	261	87.000000
00068	 70	 64	 99	233	77.666664
00069	 74	 88	 52	214	71.333336
00070	 75	 77	 81	233	77.666664
00071	 66	 66	 50	182	60.666668
00072	 94	 68	 96	258	86.000000
00073	 93	100	 80	273	91.000000
00074	 78	 83	 85	246	82.000000
00075	 69	 56	 93	218	72.666664
00076	 76	 85	 70	231	77.000000
00077	 94	 84	 57	235	78.333336
00078	100	 72	 78	250	83.333336
00079	 64	 70	 96	230	76.666664
00080	 53	 56	 90	199	66.333336
00081	 72	 56	 67	195	65.000000
00082	 72	 79	 70	221	73.666664
00083	 72	 92	 94	258	86.000000
00084	 90	 86	 70	246	82.000000
00085	 84	 90	 55	229	76.333336
00086	 92	 94	 81	267	89.000000
00087	 69	 71	 77	217	72.333336
00088	 54	 71	 81	206	68.666664
00089	 54	 94	 74	222	74.000000
00090	 70	 54	 61	185	61.666668
00091	 96	 64	 79	239	79.666664
00092	 70	 98	 97	265	88.333336
00093	 96	 62	 98	256	85.333336
00094	 83	 70	 89	242	80.666664
00095	 60	 81	 60	201	67.000000
00096	 94	 54	 70	218	72.666664
00097	 79	 86	 72	237	79.000000
00098	 75	 52	 75	202	67.333336
00099	 74	 76	 87	237	79.000000
00100	 65	 63	 50	178	59.333332
